# The first element is the index of label, the second element is the occurence of such label.
((13,), 3),
((0, 3, 15), 3)
((3, 11, 15), 4)
((3, 9, 15, 16, 17), 6)
((3, 10, 15), 6)
((12,), 9)
((7, 12, 17), 10)
((6, 8, 15), 17)
((5,), 20)
((9, 12, 14, 15), 32)
((3, 9, 15), 33)
((1, 15), 34)
((13, 15), 35)
((2, 4, 15), 38)
((5, 7, 12, 17), 42)
((10, 12, 15), 44)
((14, 15, 16, 17), 48)
((7, 17), 48)
((4, 12, 17), 51)
((3, 15), 53)
((5, 12, 17), 53)
((10, 15), 81)
((9, 15, 16, 17), 88)
((0, 12, 15), 93)
((15, 18), 96)
((11, 15), 106)
((0, 15), 107)
((3, 17), 138)
((2, 15), 139)
((5, 17), 146)
((6, 15), 148)
((12, 15), 150)
((8, 15), 151)
((3, 14, 15), 156)
((9, 12, 15), 156)
((12, 17), 157)
((4, 17), 157)
((5, 7, 17), 168)
((4, 14, 15), 169)
((16, 17), 172)
((5, 12, 14, 15), 175)
((12, 14, 15), 192)
((14, 15), 209)
((5, 14, 15), 380)
((9, 15), 479)

